// Mistral Lift 1
dimwishlist:item=766122634&perks=839105230,689005463,3987942396,3078487919
dimwishlist:item=766122634&perks=839105230,689005463,3643424744,3078487919
dimwishlist:item=766122634&perks=839105230,689005463,1523832109,3078487919
dimwishlist:item=766122634&perks=839105230,2680121939,3987942396,3078487919
dimwishlist:item=766122634&perks=839105230,2680121939,3643424744,3078487919
dimwishlist:item=766122634&perks=839105230,2680121939,1523832109,3078487919
dimwishlist:item=766122634&perks=839105230,1483536627,3987942396,3078487919
dimwishlist:item=766122634&perks=839105230,1483536627,3643424744,3078487919
dimwishlist:item=766122634&perks=839105230,1483536627,1523832109,3078487919
dimwishlist:item=766122634&perks=3661387068,689005463,3987942396,3078487919
dimwishlist:item=766122634&perks=3661387068,689005463,3643424744,3078487919
dimwishlist:item=766122634&perks=3661387068,689005463,1523832109,3078487919
dimwishlist:item=766122634&perks=3661387068,2680121939,3987942396,3078487919
dimwishlist:item=766122634&perks=3661387068,2680121939,3643424744,3078487919
dimwishlist:item=766122634&perks=3661387068,2680121939,1523832109,3078487919
dimwishlist:item=766122634&perks=3661387068,1483536627,3987942396,3078487919
dimwishlist:item=766122634&perks=3661387068,1483536627,3643424744,3078487919
dimwishlist:item=766122634&perks=3661387068,1483536627,1523832109,3078487919
dimwishlist:item=766122634&perks=1467527085,689005463,3987942396,3078487919
dimwishlist:item=766122634&perks=1467527085,689005463,3643424744,3078487919
dimwishlist:item=766122634&perks=1467527085,689005463,1523832109,3078487919
dimwishlist:item=766122634&perks=1467527085,2680121939,3987942396,3078487919
dimwishlist:item=766122634&perks=1467527085,2680121939,3643424744,3078487919
dimwishlist:item=766122634&perks=1467527085,2680121939,1523832109,3078487919
dimwishlist:item=766122634&perks=1467527085,1483536627,3987942396,3078487919
dimwishlist:item=766122634&perks=1467527085,1483536627,3643424744,3078487919
dimwishlist:item=766122634&perks=1467527085,1483536627,1523832109,3078487919
dimwishlist:item=766122634&perks=1840239774,689005463,3987942396,3078487919
dimwishlist:item=766122634&perks=1840239774,689005463,3643424744,3078487919
dimwishlist:item=766122634&perks=1840239774,689005463,1523832109,3078487919
dimwishlist:item=766122634&perks=1840239774,2680121939,3987942396,3078487919
dimwishlist:item=766122634&perks=1840239774,2680121939,3643424744,3078487919
dimwishlist:item=766122634&perks=1840239774,2680121939,1523832109,3078487919
dimwishlist:item=766122634&perks=1840239774,1483536627,3987942396,3078487919
dimwishlist:item=766122634&perks=1840239774,1483536627,3643424744,3078487919
dimwishlist:item=766122634&perks=1840239774,1483536627,1523832109,3078487919
dimwishlist:item=766122634&perks=4090651448,689005463,3987942396,3078487919
dimwishlist:item=766122634&perks=4090651448,689005463,3643424744,3078487919
dimwishlist:item=766122634&perks=4090651448,689005463,1523832109,3078487919
dimwishlist:item=766122634&perks=4090651448,2680121939,3987942396,3078487919
dimwishlist:item=766122634&perks=4090651448,2680121939,3643424744,3078487919
dimwishlist:item=766122634&perks=4090651448,2680121939,1523832109,3078487919
dimwishlist:item=766122634&perks=4090651448,1483536627,3987942396,3078487919
dimwishlist:item=766122634&perks=4090651448,1483536627,3643424744,3078487919
dimwishlist:item=766122634&perks=4090651448,1483536627,1523832109,3078487919
dimwishlist:item=766122634&perks=1392496348,689005463,3987942396,3078487919
dimwishlist:item=766122634&perks=1392496348,689005463,3643424744,3078487919
dimwishlist:item=766122634&perks=1392496348,689005463,1523832109,3078487919
dimwishlist:item=766122634&perks=1392496348,2680121939,3987942396,3078487919
dimwishlist:item=766122634&perks=1392496348,2680121939,3643424744,3078487919
dimwishlist:item=766122634&perks=1392496348,2680121939,1523832109,3078487919
dimwishlist:item=766122634&perks=1392496348,1483536627,3987942396,3078487919
dimwishlist:item=766122634&perks=1392496348,1483536627,3643424744,3078487919
dimwishlist:item=766122634&perks=1392496348,1483536627,1523832109,3078487919
dimwishlist:item=766122634&perks=1482024992,689005463,3987942396,3078487919
dimwishlist:item=766122634&perks=1482024992,689005463,3643424744,3078487919
dimwishlist:item=766122634&perks=1482024992,689005463,1523832109,3078487919
dimwishlist:item=766122634&perks=1482024992,2680121939,3987942396,3078487919
dimwishlist:item=766122634&perks=1482024992,2680121939,3643424744,3078487919
dimwishlist:item=766122634&perks=1482024992,2680121939,1523832109,3078487919
dimwishlist:item=766122634&perks=1482024992,1483536627,3987942396,3078487919
dimwishlist:item=766122634&perks=1482024992,1483536627,3643424744,3078487919
dimwishlist:item=766122634&perks=1482024992,1483536627,1523832109,3078487919

// Mistral Lift 2
dimwishlist:item=766122634&perks=839105230,689005463,3643424744,1427256713
dimwishlist:item=766122634&perks=839105230,689005463,3643424744,555281244
dimwishlist:item=766122634&perks=839105230,689005463,1523832109,1427256713
dimwishlist:item=766122634&perks=839105230,689005463,1523832109,555281244
dimwishlist:item=766122634&perks=839105230,2680121939,3643424744,1427256713
dimwishlist:item=766122634&perks=839105230,2680121939,3643424744,555281244
dimwishlist:item=766122634&perks=839105230,2680121939,1523832109,1427256713
dimwishlist:item=766122634&perks=839105230,2680121939,1523832109,555281244
dimwishlist:item=766122634&perks=839105230,1483536627,3643424744,1427256713
dimwishlist:item=766122634&perks=839105230,1483536627,3643424744,555281244
dimwishlist:item=766122634&perks=839105230,1483536627,1523832109,1427256713
dimwishlist:item=766122634&perks=839105230,1483536627,1523832109,555281244
dimwishlist:item=766122634&perks=3661387068,689005463,3643424744,1427256713
dimwishlist:item=766122634&perks=3661387068,689005463,3643424744,555281244
dimwishlist:item=766122634&perks=3661387068,689005463,1523832109,1427256713
dimwishlist:item=766122634&perks=3661387068,689005463,1523832109,555281244
dimwishlist:item=766122634&perks=3661387068,2680121939,3643424744,1427256713
dimwishlist:item=766122634&perks=3661387068,2680121939,3643424744,555281244
dimwishlist:item=766122634&perks=3661387068,2680121939,1523832109,1427256713
dimwishlist:item=766122634&perks=3661387068,2680121939,1523832109,555281244
dimwishlist:item=766122634&perks=3661387068,1483536627,3643424744,1427256713
dimwishlist:item=766122634&perks=3661387068,1483536627,3643424744,555281244
dimwishlist:item=766122634&perks=3661387068,1483536627,1523832109,1427256713
dimwishlist:item=766122634&perks=3661387068,1483536627,1523832109,555281244
dimwishlist:item=766122634&perks=1467527085,689005463,3643424744,1427256713
dimwishlist:item=766122634&perks=1467527085,689005463,3643424744,555281244
dimwishlist:item=766122634&perks=1467527085,689005463,1523832109,1427256713
dimwishlist:item=766122634&perks=1467527085,689005463,1523832109,555281244
dimwishlist:item=766122634&perks=1467527085,2680121939,3643424744,1427256713
dimwishlist:item=766122634&perks=1467527085,2680121939,3643424744,555281244
dimwishlist:item=766122634&perks=1467527085,2680121939,1523832109,1427256713
dimwishlist:item=766122634&perks=1467527085,2680121939,1523832109,555281244
dimwishlist:item=766122634&perks=1467527085,1483536627,3643424744,1427256713
dimwishlist:item=766122634&perks=1467527085,1483536627,3643424744,555281244
dimwishlist:item=766122634&perks=1467527085,1483536627,1523832109,1427256713
dimwishlist:item=766122634&perks=1467527085,1483536627,1523832109,555281244
dimwishlist:item=766122634&perks=1840239774,689005463,3643424744,1427256713
dimwishlist:item=766122634&perks=1840239774,689005463,3643424744,555281244
dimwishlist:item=766122634&perks=1840239774,689005463,1523832109,1427256713
dimwishlist:item=766122634&perks=1840239774,689005463,1523832109,555281244
dimwishlist:item=766122634&perks=1840239774,2680121939,3643424744,1427256713
dimwishlist:item=766122634&perks=1840239774,2680121939,3643424744,555281244
dimwishlist:item=766122634&perks=1840239774,2680121939,1523832109,1427256713
dimwishlist:item=766122634&perks=1840239774,2680121939,1523832109,555281244
dimwishlist:item=766122634&perks=1840239774,1483536627,3643424744,1427256713
dimwishlist:item=766122634&perks=1840239774,1483536627,3643424744,555281244
dimwishlist:item=766122634&perks=1840239774,1483536627,1523832109,1427256713
dimwishlist:item=766122634&perks=1840239774,1483536627,1523832109,555281244
dimwishlist:item=766122634&perks=4090651448,689005463,3643424744,1427256713
dimwishlist:item=766122634&perks=4090651448,689005463,3643424744,555281244
dimwishlist:item=766122634&perks=4090651448,689005463,1523832109,1427256713
dimwishlist:item=766122634&perks=4090651448,689005463,1523832109,555281244
dimwishlist:item=766122634&perks=4090651448,2680121939,3643424744,1427256713
dimwishlist:item=766122634&perks=4090651448,2680121939,3643424744,555281244
dimwishlist:item=766122634&perks=4090651448,2680121939,1523832109,1427256713
dimwishlist:item=766122634&perks=4090651448,2680121939,1523832109,555281244
dimwishlist:item=766122634&perks=4090651448,1483536627,3643424744,1427256713
dimwishlist:item=766122634&perks=4090651448,1483536627,3643424744,555281244
dimwishlist:item=766122634&perks=4090651448,1483536627,1523832109,1427256713
dimwishlist:item=766122634&perks=4090651448,1483536627,1523832109,555281244
dimwishlist:item=766122634&perks=1392496348,689005463,3643424744,1427256713
dimwishlist:item=766122634&perks=1392496348,689005463,3643424744,555281244
dimwishlist:item=766122634&perks=1392496348,689005463,1523832109,1427256713
dimwishlist:item=766122634&perks=1392496348,689005463,1523832109,555281244
dimwishlist:item=766122634&perks=1392496348,2680121939,3643424744,1427256713
dimwishlist:item=766122634&perks=1392496348,2680121939,3643424744,555281244
dimwishlist:item=766122634&perks=1392496348,2680121939,1523832109,1427256713
dimwishlist:item=766122634&perks=1392496348,2680121939,1523832109,555281244
dimwishlist:item=766122634&perks=1392496348,1483536627,3643424744,1427256713
dimwishlist:item=766122634&perks=1392496348,1483536627,3643424744,555281244
dimwishlist:item=766122634&perks=1392496348,1483536627,1523832109,1427256713
dimwishlist:item=766122634&perks=1392496348,1483536627,1523832109,555281244
dimwishlist:item=766122634&perks=1482024992,689005463,3643424744,1427256713
dimwishlist:item=766122634&perks=1482024992,689005463,3643424744,555281244
dimwishlist:item=766122634&perks=1482024992,689005463,1523832109,1427256713
dimwishlist:item=766122634&perks=1482024992,689005463,1523832109,555281244
dimwishlist:item=766122634&perks=1482024992,2680121939,3643424744,1427256713
dimwishlist:item=766122634&perks=1482024992,2680121939,3643424744,555281244
dimwishlist:item=766122634&perks=1482024992,2680121939,1523832109,1427256713
dimwishlist:item=766122634&perks=1482024992,2680121939,1523832109,555281244
dimwishlist:item=766122634&perks=1482024992,1483536627,3643424744,1427256713
dimwishlist:item=766122634&perks=1482024992,1483536627,3643424744,555281244
dimwishlist:item=766122634&perks=1482024992,1483536627,1523832109,1427256713
dimwishlist:item=766122634&perks=1482024992,1483536627,1523832109,555281244

// Mistral Lift 3
dimwishlist:item=766122634&perks=839105230,689005463,1134488199,3418782618
dimwishlist:item=766122634&perks=839105230,2680121939,1134488199,3418782618
dimwishlist:item=766122634&perks=839105230,1483536627,1134488199,3418782618
dimwishlist:item=766122634&perks=3661387068,689005463,1134488199,3418782618
dimwishlist:item=766122634&perks=3661387068,2680121939,1134488199,3418782618
dimwishlist:item=766122634&perks=3661387068,1483536627,1134488199,3418782618
dimwishlist:item=766122634&perks=1467527085,689005463,1134488199,3418782618
dimwishlist:item=766122634&perks=1467527085,2680121939,1134488199,3418782618
dimwishlist:item=766122634&perks=1467527085,1483536627,1134488199,3418782618
dimwishlist:item=766122634&perks=1840239774,689005463,1134488199,3418782618
dimwishlist:item=766122634&perks=1840239774,2680121939,1134488199,3418782618
dimwishlist:item=766122634&perks=1840239774,1483536627,1134488199,3418782618
dimwishlist:item=766122634&perks=4090651448,689005463,1134488199,3418782618
dimwishlist:item=766122634&perks=4090651448,2680121939,1134488199,3418782618
dimwishlist:item=766122634&perks=4090651448,1483536627,1134488199,3418782618
dimwishlist:item=766122634&perks=1392496348,689005463,1134488199,3418782618
dimwishlist:item=766122634&perks=1392496348,2680121939,1134488199,3418782618
dimwishlist:item=766122634&perks=1392496348,1483536627,1134488199,3418782618
dimwishlist:item=766122634&perks=1482024992,689005463,1134488199,3418782618
dimwishlist:item=766122634&perks=1482024992,2680121939,1134488199,3418782618
dimwishlist:item=766122634&perks=1482024992,1483536627,1134488199,3418782618


// Mistral Lift  4
dimwishlist:item=270610849&perks=839105230,689005463,3987942396,3078487919
dimwishlist:item=270610849&perks=839105230,689005463,3643424744,3078487919
dimwishlist:item=270610849&perks=839105230,689005463,1523832109,3078487919
dimwishlist:item=270610849&perks=839105230,2680121939,3987942396,3078487919
dimwishlist:item=270610849&perks=839105230,2680121939,3643424744,3078487919
dimwishlist:item=270610849&perks=839105230,2680121939,1523832109,3078487919
dimwishlist:item=270610849&perks=839105230,1483536627,3987942396,3078487919
dimwishlist:item=270610849&perks=839105230,1483536627,3643424744,3078487919
dimwishlist:item=270610849&perks=839105230,1483536627,1523832109,3078487919
dimwishlist:item=270610849&perks=3661387068,689005463,3987942396,3078487919
dimwishlist:item=270610849&perks=3661387068,689005463,3643424744,3078487919
dimwishlist:item=270610849&perks=3661387068,689005463,1523832109,3078487919
dimwishlist:item=270610849&perks=3661387068,2680121939,3987942396,3078487919
dimwishlist:item=270610849&perks=3661387068,2680121939,3643424744,3078487919
dimwishlist:item=270610849&perks=3661387068,2680121939,1523832109,3078487919
dimwishlist:item=270610849&perks=3661387068,1483536627,3987942396,3078487919
dimwishlist:item=270610849&perks=3661387068,1483536627,3643424744,3078487919
dimwishlist:item=270610849&perks=3661387068,1483536627,1523832109,3078487919
dimwishlist:item=270610849&perks=1467527085,689005463,3987942396,3078487919
dimwishlist:item=270610849&perks=1467527085,689005463,3643424744,3078487919
dimwishlist:item=270610849&perks=1467527085,689005463,1523832109,3078487919
dimwishlist:item=270610849&perks=1467527085,2680121939,3987942396,3078487919
dimwishlist:item=270610849&perks=1467527085,2680121939,3643424744,3078487919
dimwishlist:item=270610849&perks=1467527085,2680121939,1523832109,3078487919
dimwishlist:item=270610849&perks=1467527085,1483536627,3987942396,3078487919
dimwishlist:item=270610849&perks=1467527085,1483536627,3643424744,3078487919
dimwishlist:item=270610849&perks=1467527085,1483536627,1523832109,3078487919
dimwishlist:item=270610849&perks=1840239774,689005463,3987942396,3078487919
dimwishlist:item=270610849&perks=1840239774,689005463,3643424744,3078487919
dimwishlist:item=270610849&perks=1840239774,689005463,1523832109,3078487919
dimwishlist:item=270610849&perks=1840239774,2680121939,3987942396,3078487919
dimwishlist:item=270610849&perks=1840239774,2680121939,3643424744,3078487919
dimwishlist:item=270610849&perks=1840239774,2680121939,1523832109,3078487919
dimwishlist:item=270610849&perks=1840239774,1483536627,3987942396,3078487919
dimwishlist:item=270610849&perks=1840239774,1483536627,3643424744,3078487919
dimwishlist:item=270610849&perks=1840239774,1483536627,1523832109,3078487919
dimwishlist:item=270610849&perks=4090651448,689005463,3987942396,3078487919
dimwishlist:item=270610849&perks=4090651448,689005463,3643424744,3078487919
dimwishlist:item=270610849&perks=4090651448,689005463,1523832109,3078487919
dimwishlist:item=270610849&perks=4090651448,2680121939,3987942396,3078487919
dimwishlist:item=270610849&perks=4090651448,2680121939,3643424744,3078487919
dimwishlist:item=270610849&perks=4090651448,2680121939,1523832109,3078487919
dimwishlist:item=270610849&perks=4090651448,1483536627,3987942396,3078487919
dimwishlist:item=270610849&perks=4090651448,1483536627,3643424744,3078487919
dimwishlist:item=270610849&perks=4090651448,1483536627,1523832109,3078487919
dimwishlist:item=270610849&perks=1392496348,689005463,3987942396,3078487919
dimwishlist:item=270610849&perks=1392496348,689005463,3643424744,3078487919
dimwishlist:item=270610849&perks=1392496348,689005463,1523832109,3078487919
dimwishlist:item=270610849&perks=1392496348,2680121939,3987942396,3078487919
dimwishlist:item=270610849&perks=1392496348,2680121939,3643424744,3078487919
dimwishlist:item=270610849&perks=1392496348,2680121939,1523832109,3078487919
dimwishlist:item=270610849&perks=1392496348,1483536627,3987942396,3078487919
dimwishlist:item=270610849&perks=1392496348,1483536627,3643424744,3078487919
dimwishlist:item=270610849&perks=1392496348,1483536627,1523832109,3078487919
dimwishlist:item=270610849&perks=1482024992,689005463,3987942396,3078487919
dimwishlist:item=270610849&perks=1482024992,689005463,3643424744,3078487919
dimwishlist:item=270610849&perks=1482024992,689005463,1523832109,3078487919
dimwishlist:item=270610849&perks=1482024992,2680121939,3987942396,3078487919
dimwishlist:item=270610849&perks=1482024992,2680121939,3643424744,3078487919
dimwishlist:item=270610849&perks=1482024992,2680121939,1523832109,3078487919
dimwishlist:item=270610849&perks=1482024992,1483536627,3987942396,3078487919
dimwishlist:item=270610849&perks=1482024992,1483536627,3643424744,3078487919
dimwishlist:item=270610849&perks=1482024992,1483536627,1523832109,3078487919

// Mistral Lift 5
dimwishlist:item=270610849&perks=839105230,689005463,3643424744,1427256713
dimwishlist:item=270610849&perks=839105230,689005463,3643424744,555281244
dimwishlist:item=270610849&perks=839105230,689005463,1523832109,1427256713
dimwishlist:item=270610849&perks=839105230,689005463,1523832109,555281244
dimwishlist:item=270610849&perks=839105230,2680121939,3643424744,1427256713
dimwishlist:item=270610849&perks=839105230,2680121939,3643424744,555281244
dimwishlist:item=270610849&perks=839105230,2680121939,1523832109,1427256713
dimwishlist:item=270610849&perks=839105230,2680121939,1523832109,555281244
dimwishlist:item=270610849&perks=839105230,1483536627,3643424744,1427256713
dimwishlist:item=270610849&perks=839105230,1483536627,3643424744,555281244
dimwishlist:item=270610849&perks=839105230,1483536627,1523832109,1427256713
dimwishlist:item=270610849&perks=839105230,1483536627,1523832109,555281244
dimwishlist:item=270610849&perks=3661387068,689005463,3643424744,1427256713
dimwishlist:item=270610849&perks=3661387068,689005463,3643424744,555281244
dimwishlist:item=270610849&perks=3661387068,689005463,1523832109,1427256713
dimwishlist:item=270610849&perks=3661387068,689005463,1523832109,555281244
dimwishlist:item=270610849&perks=3661387068,2680121939,3643424744,1427256713
dimwishlist:item=270610849&perks=3661387068,2680121939,3643424744,555281244
dimwishlist:item=270610849&perks=3661387068,2680121939,1523832109,1427256713
dimwishlist:item=270610849&perks=3661387068,2680121939,1523832109,555281244
dimwishlist:item=270610849&perks=3661387068,1483536627,3643424744,1427256713
dimwishlist:item=270610849&perks=3661387068,1483536627,3643424744,555281244
dimwishlist:item=270610849&perks=3661387068,1483536627,1523832109,1427256713
dimwishlist:item=270610849&perks=3661387068,1483536627,1523832109,555281244
dimwishlist:item=270610849&perks=1467527085,689005463,3643424744,1427256713
dimwishlist:item=270610849&perks=1467527085,689005463,3643424744,555281244
dimwishlist:item=270610849&perks=1467527085,689005463,1523832109,1427256713
dimwishlist:item=270610849&perks=1467527085,689005463,1523832109,555281244
dimwishlist:item=270610849&perks=1467527085,2680121939,3643424744,1427256713
dimwishlist:item=270610849&perks=1467527085,2680121939,3643424744,555281244
dimwishlist:item=270610849&perks=1467527085,2680121939,1523832109,1427256713
dimwishlist:item=270610849&perks=1467527085,2680121939,1523832109,555281244
dimwishlist:item=270610849&perks=1467527085,1483536627,3643424744,1427256713
dimwishlist:item=270610849&perks=1467527085,1483536627,3643424744,555281244
dimwishlist:item=270610849&perks=1467527085,1483536627,1523832109,1427256713
dimwishlist:item=270610849&perks=1467527085,1483536627,1523832109,555281244
dimwishlist:item=270610849&perks=1840239774,689005463,3643424744,1427256713
dimwishlist:item=270610849&perks=1840239774,689005463,3643424744,555281244
dimwishlist:item=270610849&perks=1840239774,689005463,1523832109,1427256713
dimwishlist:item=270610849&perks=1840239774,689005463,1523832109,555281244
dimwishlist:item=270610849&perks=1840239774,2680121939,3643424744,1427256713
dimwishlist:item=270610849&perks=1840239774,2680121939,3643424744,555281244
dimwishlist:item=270610849&perks=1840239774,2680121939,1523832109,1427256713
dimwishlist:item=270610849&perks=1840239774,2680121939,1523832109,555281244
dimwishlist:item=270610849&perks=1840239774,1483536627,3643424744,1427256713
dimwishlist:item=270610849&perks=1840239774,1483536627,3643424744,555281244
dimwishlist:item=270610849&perks=1840239774,1483536627,1523832109,1427256713
dimwishlist:item=270610849&perks=1840239774,1483536627,1523832109,555281244
dimwishlist:item=270610849&perks=4090651448,689005463,3643424744,1427256713
dimwishlist:item=270610849&perks=4090651448,689005463,3643424744,555281244
dimwishlist:item=270610849&perks=4090651448,689005463,1523832109,1427256713
dimwishlist:item=270610849&perks=4090651448,689005463,1523832109,555281244
dimwishlist:item=270610849&perks=4090651448,2680121939,3643424744,1427256713
dimwishlist:item=270610849&perks=4090651448,2680121939,3643424744,555281244
dimwishlist:item=270610849&perks=4090651448,2680121939,1523832109,1427256713
dimwishlist:item=270610849&perks=4090651448,2680121939,1523832109,555281244
dimwishlist:item=270610849&perks=4090651448,1483536627,3643424744,1427256713
dimwishlist:item=270610849&perks=4090651448,1483536627,3643424744,555281244
dimwishlist:item=270610849&perks=4090651448,1483536627,1523832109,1427256713
dimwishlist:item=270610849&perks=4090651448,1483536627,1523832109,555281244
dimwishlist:item=270610849&perks=1392496348,689005463,3643424744,1427256713
dimwishlist:item=270610849&perks=1392496348,689005463,3643424744,555281244
dimwishlist:item=270610849&perks=1392496348,689005463,1523832109,1427256713
dimwishlist:item=270610849&perks=1392496348,689005463,1523832109,555281244
dimwishlist:item=270610849&perks=1392496348,2680121939,3643424744,1427256713
dimwishlist:item=270610849&perks=1392496348,2680121939,3643424744,555281244
dimwishlist:item=270610849&perks=1392496348,2680121939,1523832109,1427256713
dimwishlist:item=270610849&perks=1392496348,2680121939,1523832109,555281244
dimwishlist:item=270610849&perks=1392496348,1483536627,3643424744,1427256713
dimwishlist:item=270610849&perks=1392496348,1483536627,3643424744,555281244
dimwishlist:item=270610849&perks=1392496348,1483536627,1523832109,1427256713
dimwishlist:item=270610849&perks=1392496348,1483536627,1523832109,555281244
dimwishlist:item=270610849&perks=1482024992,689005463,3643424744,1427256713
dimwishlist:item=270610849&perks=1482024992,689005463,3643424744,555281244
dimwishlist:item=270610849&perks=1482024992,689005463,1523832109,1427256713
dimwishlist:item=270610849&perks=1482024992,689005463,1523832109,555281244
dimwishlist:item=270610849&perks=1482024992,2680121939,3643424744,1427256713
dimwishlist:item=270610849&perks=1482024992,2680121939,3643424744,555281244
dimwishlist:item=270610849&perks=1482024992,2680121939,1523832109,1427256713
dimwishlist:item=270610849&perks=1482024992,2680121939,1523832109,555281244
dimwishlist:item=270610849&perks=1482024992,1483536627,3643424744,1427256713
dimwishlist:item=270610849&perks=1482024992,1483536627,3643424744,555281244
dimwishlist:item=270610849&perks=1482024992,1483536627,1523832109,1427256713
dimwishlist:item=270610849&perks=1482024992,1483536627,1523832109,555281244

// Mistral Lift 6
dimwishlist:item=270610849&perks=839105230,689005463,1134488199,3418782618
dimwishlist:item=270610849&perks=839105230,2680121939,1134488199,3418782618
dimwishlist:item=270610849&perks=839105230,1483536627,1134488199,3418782618
dimwishlist:item=270610849&perks=3661387068,689005463,1134488199,3418782618
dimwishlist:item=270610849&perks=3661387068,2680121939,1134488199,3418782618
dimwishlist:item=270610849&perks=3661387068,1483536627,1134488199,3418782618
dimwishlist:item=270610849&perks=1467527085,689005463,1134488199,3418782618
dimwishlist:item=270610849&perks=1467527085,2680121939,1134488199,3418782618
dimwishlist:item=270610849&perks=1467527085,1483536627,1134488199,3418782618
dimwishlist:item=270610849&perks=1840239774,689005463,1134488199,3418782618
dimwishlist:item=270610849&perks=1840239774,2680121939,1134488199,3418782618
dimwishlist:item=270610849&perks=1840239774,1483536627,1134488199,3418782618
dimwishlist:item=270610849&perks=4090651448,689005463,1134488199,3418782618
dimwishlist:item=270610849&perks=4090651448,2680121939,1134488199,3418782618
dimwishlist:item=270610849&perks=4090651448,1483536627,1134488199,3418782618
dimwishlist:item=270610849&perks=1392496348,689005463,1134488199,3418782618
dimwishlist:item=270610849&perks=1392496348,2680121939,1134488199,3418782618
dimwishlist:item=270610849&perks=1392496348,1483536627,1134488199,3418782618
dimwishlist:item=270610849&perks=1482024992,689005463,1134488199,3418782618
dimwishlist:item=270610849&perks=1482024992,2680121939,1134488199,3418782618
dimwishlist:item=270610849&perks=1482024992,1483536627,1134488199,3418782618


// Deliverance 1
dimwishlist:item=768621510&perks=1840239774,689005463,671806388,2978966579
dimwishlist:item=768621510&perks=1840239774,689005463,3523296417,2978966579
dimwishlist:item=768621510&perks=1840239774,2680121939,671806388,2978966579
dimwishlist:item=768621510&perks=1840239774,2680121939,3523296417,2978966579
dimwishlist:item=768621510&perks=839105230,689005463,671806388,2978966579
dimwishlist:item=768621510&perks=839105230,689005463,3523296417,2978966579
dimwishlist:item=768621510&perks=839105230,2680121939,671806388,2978966579
dimwishlist:item=768621510&perks=839105230,2680121939,3523296417,2978966579
dimwishlist:item=768621510&perks=4090651448,689005463,671806388,2978966579
dimwishlist:item=768621510&perks=4090651448,689005463,3523296417,2978966579
dimwishlist:item=768621510&perks=4090651448,2680121939,671806388,2978966579
dimwishlist:item=768621510&perks=4090651448,2680121939,3523296417,2978966579
dimwishlist:item=768621510&perks=1392496348,689005463,671806388,2978966579
dimwishlist:item=768621510&perks=1392496348,689005463,3523296417,2978966579
dimwishlist:item=768621510&perks=1392496348,2680121939,671806388,2978966579
dimwishlist:item=768621510&perks=1392496348,2680121939,3523296417,2978966579
dimwishlist:item=768621510&perks=1482024992,689005463,671806388,2978966579
dimwishlist:item=768621510&perks=1482024992,689005463,3523296417,2978966579
dimwishlist:item=768621510&perks=1482024992,2680121939,671806388,2978966579
dimwishlist:item=768621510&perks=1482024992,2680121939,3523296417,2978966579
dimwishlist:item=768621510&perks=3250034553,689005463,671806388,2978966579
dimwishlist:item=768621510&perks=3250034553,689005463,3523296417,2978966579
dimwishlist:item=768621510&perks=3250034553,2680121939,671806388,2978966579
dimwishlist:item=768621510&perks=3250034553,2680121939,3523296417,2978966579

// Deliverance 2
dimwishlist:item=768621510&perks=1840239774,689005463,2922950962,2396489472
dimwishlist:item=768621510&perks=1840239774,2680121939,2922950962,2396489472
dimwishlist:item=768621510&perks=1840239774,1483536627,2922950962,2396489472
dimwishlist:item=768621510&perks=839105230,689005463,2922950962,2396489472
dimwishlist:item=768621510&perks=839105230,2680121939,2922950962,2396489472
dimwishlist:item=768621510&perks=839105230,1483536627,2922950962,2396489472
dimwishlist:item=768621510&perks=4090651448,689005463,2922950962,2396489472
dimwishlist:item=768621510&perks=4090651448,2680121939,2922950962,2396489472
dimwishlist:item=768621510&perks=4090651448,1483536627,2922950962,2396489472
dimwishlist:item=768621510&perks=1392496348,689005463,2922950962,2396489472
dimwishlist:item=768621510&perks=1392496348,2680121939,2922950962,2396489472
dimwishlist:item=768621510&perks=1392496348,1483536627,2922950962,2396489472
dimwishlist:item=768621510&perks=1482024992,689005463,2922950962,2396489472
dimwishlist:item=768621510&perks=1482024992,2680121939,2922950962,2396489472
dimwishlist:item=768621510&perks=1482024992,1483536627,2922950962,2396489472


// Deliverance (Adept) 1
dimwishlist:item=2943293195&perks=1840239774,689005463,671806388,2978966579
dimwishlist:item=2943293195&perks=1840239774,689005463,3523296417,2978966579
dimwishlist:item=2943293195&perks=1840239774,2680121939,671806388,2978966579
dimwishlist:item=2943293195&perks=1840239774,2680121939,3523296417,2978966579
dimwishlist:item=2943293195&perks=839105230,689005463,671806388,2978966579
dimwishlist:item=2943293195&perks=839105230,689005463,3523296417,2978966579
dimwishlist:item=2943293195&perks=839105230,2680121939,671806388,2978966579
dimwishlist:item=2943293195&perks=839105230,2680121939,3523296417,2978966579
dimwishlist:item=2943293195&perks=4090651448,689005463,671806388,2978966579
dimwishlist:item=2943293195&perks=4090651448,689005463,3523296417,2978966579
dimwishlist:item=2943293195&perks=4090651448,2680121939,671806388,2978966579
dimwishlist:item=2943293195&perks=4090651448,2680121939,3523296417,2978966579
dimwishlist:item=2943293195&perks=1392496348,689005463,671806388,2978966579
dimwishlist:item=2943293195&perks=1392496348,689005463,3523296417,2978966579
dimwishlist:item=2943293195&perks=1392496348,2680121939,671806388,2978966579
dimwishlist:item=2943293195&perks=1392496348,2680121939,3523296417,2978966579
dimwishlist:item=2943293195&perks=1482024992,689005463,671806388,2978966579
dimwishlist:item=2943293195&perks=1482024992,689005463,3523296417,2978966579
dimwishlist:item=2943293195&perks=1482024992,2680121939,671806388,2978966579
dimwishlist:item=2943293195&perks=1482024992,2680121939,3523296417,2978966579
dimwishlist:item=2943293195&perks=3250034553,689005463,671806388,2978966579
dimwishlist:item=2943293195&perks=3250034553,689005463,3523296417,2978966579
dimwishlist:item=2943293195&perks=3250034553,2680121939,671806388,2978966579
dimwishlist:item=2943293195&perks=3250034553,2680121939,3523296417,2978966579

// Deliverance (Adept) 2
dimwishlist:item=2943293195&perks=1840239774,689005463,2922950962,2396489472
dimwishlist:item=2943293195&perks=1840239774,2680121939,2922950962,2396489472
dimwishlist:item=2943293195&perks=1840239774,1483536627,2922950962,2396489472
dimwishlist:item=2943293195&perks=839105230,689005463,2922950962,2396489472
dimwishlist:item=2943293195&perks=839105230,2680121939,2922950962,2396489472
dimwishlist:item=2943293195&perks=839105230,1483536627,2922950962,2396489472
dimwishlist:item=2943293195&perks=4090651448,689005463,2922950962,2396489472
dimwishlist:item=2943293195&perks=4090651448,2680121939,2922950962,2396489472
dimwishlist:item=2943293195&perks=4090651448,1483536627,2922950962,2396489472
dimwishlist:item=2943293195&perks=1392496348,689005463,2922950962,2396489472
dimwishlist:item=2943293195&perks=1392496348,2680121939,2922950962,2396489472
dimwishlist:item=2943293195&perks=1392496348,1483536627,2922950962,2396489472
dimwishlist:item=2943293195&perks=1482024992,689005463,2922950962,2396489472
dimwishlist:item=2943293195&perks=1482024992,2680121939,2922950962,2396489472
dimwishlist:item=2943293195&perks=1482024992,1483536627,2922950962,2396489472